1.000000 0.225000 0.056250 0.056250 0.225000 0.056250 0.000000
0.225000 1.000000 0.136000 0.036000 0.136000 0.000000 0.036000
0.056250 0.136000 1.000000 0.092250 0.136000 0.056250 0.036000
0.056250 0.036000 0.092250 1.000000 0.036000 0.056250 0.036000
0.225000 0.136000 0.136000 0.036000 1.000000 0.000000 0.036000
0.056250 0.000000 0.056250 0.056250 0.000000 1.000000 0.000000
0.000000 0.036000 0.036000 0.036000 0.036000 0.000000 1.000000
